100
32
30 18 27 1 6 19 15 24 17 20 23 32 12 11 5 9 10 2 25 13 21 31 14 8 22 16 4 3 28 26 29 7
1
1
11
7 9 6 3 1 5 8 10 2 11 4
28
19 3 22 13 14 11 26 8 25 6 5 9 23 17 12 7 28 21 18 10 27 16 1 2 4 15 24 20
29
6 25 5 4 2 17 14 28 18 13 11 1 19 3 15 22 29 9 16 8 23 26 20 7 10 24 12 21 27
25
13 15 5 3 10 23 22 21 11 1 12 24 25 17 6 4 14 16 19 20 9 7 18 8 2
6
2 1 5 4 6 3
16
8 7 2 3 6 4 15 10 12 5 11 1 14 9 16 13
22
16 20 3 21 4 11 6 18 5 17 22 19 15 8 7 14 9 13 2 12 1 10
10
6 4 1 5 9 3 10 8 7 2
6
1 5 6 2 3 4
11
3 10 4 8 2 7 6 5 1 11 9
23
20 5 21 8 2 1 7 14 3 22 16 17 9 12 19 10 13 6 11 18 15 23 4
31
1 6 31 13 3 30 25 2 15 9 20 10 16 29 17 5 12 4 18 28 22 11 8 23 27 24 14 7 21 19 26
32
29 26 13 11 20 24 18 9 3 12 10 2 16 6 32 28 14 27 15 17 21 8 1 30 7 23 4 22 19 31 25 5
20
5 20 15 3 12 13 19 4 17 6 8 14 11 7 1 9 16 2 10 18
23
2 9 19 18 10 17 23 20 12 6 15 16 1 11 21 8 22 13 7 3 5 4 14
3
3 1 2
11
2 3 11 8 1 4 7 5 6 9 10
23
1 9 21 23 12 14 6 17 18 3 2 4 7 22 5 13 19 20 11 8 15 10 16
3
3 1 2
3
2 1 3
13
5 9 3 13 12 2 1 10 6 4 11 7 8
2
1 2
27
6 23 16 24 22 13 1 17 10 27 26 14 25 19 21 20 18 8 3 12 15 9 2 5 4 11 7
27
4 2 19 10 17 8 3 12 11 26 7 24 6 23 18 14 20 16 5 25 22 15 9 1 21 13 27
4
1 3 2 4
21
10 21 16 17 9 20 3 4 1 14 6 18 19 8 13 15 11 2 7 5 12
14
7 11 1 8 12 3 2 5 10 9 4 14 6 13
12
10 7 6 4 1 9 12 8 2 11 3 5
2
2 1
8
4 1 8 3 6 2 7 5
23
21 1 15 12 14 10 18 3 4 11 16 2 22 19 5 23 20 8 13 6 7 17 9
2
2 1
22
11 8 16 6 21 7 10 22 1 2 9 5 14 17 19 12 3 20 13 4 18 15
5
5 3 2 1 4
12
3 6 10 2 4 1 7 11 9 12 5 8
9
3 2 4 7 9 1 6 5 8
12
5 7 4 6 12 3 2 9 1 8 10 11
16
15 11 6 16 8 2 1 3 9 4 12 5 10 13 14 7
2
2 1
12
12 11 2 7 6 8 3 5 9 10 1 4
1
1
13
8 4 1 6 5 2 3 7 13 10 12 9 11
24
10 14 15 5 18 9 19 13 22 23 16 8 17 21 1 4 3 24 12 11 20 6 2 7
18
12 4 14 13 16 9 7 17 15 2 6 18 11 8 10 3 5 1
11
8 1 3 2 11 5 6 10 4 7 9
15
12 9 5 8 6 7 11 14 1 3 15 13 4 2 10
5
1 5 3 2 4
3
1 3 2
19
14 11 19 15 8 2 3 4 16 1 5 10 7 6 13 9 17 18 12
8
5 3 8 7 1 6 4 2
3
3 1 2
21
17 16 6 4 1 10 21 11 5 9 3 14 18 2 15 19 20 12 13 7 8
8
4 7 3 5 2 1 8 6
15
7 6 11 10 8 5 14 13 1 3 9 2 4 15 12
5
2 5 3 4 1
14
3 8 13 6 10 14 4 11 1 12 5 7 9 2
23
18 20 2 4 22 19 21 11 3 13 14 16 1 5 15 12 9 23 6 10 8 7 17
11
1 9 8 6 10 3 5 7 2 4 11
17
16 2 6 10 11 17 5 13 12 14 4 15 9 8 1 3 7
26
22 23 8 6 21 17 11 2 5 15 25 7 13 4 9 26 19 1 14 16 20 3 12 10 24 18
24
20 14 6 23 17 3 4 21 13 19 22 10 2 9 12 7 15 18 16 11 8 1 24 5
5
1 2 4 3 5
28
12 19 23 26 27 1 21 14 22 28 7 10 3 16 25 8 5 13 17 20 6 15 9 11 2 4 18 24
7
7 3 6 2 1 4 5
17
16 17 9 4 14 3 10 5 2 15 7 12 1 13 11 6 8
20
9 11 12 5 20 18 7 15 10 4 3 13 2 16 19 17 1 6 8 14
23
1 6 8 3 17 18 19 16 5 7 21 14 20 9 2 22 12 13 23 11 4 10 15
27
18 24 21 26 27 16 1 5 22 14 2 13 19 17 8 9 10 7 6 11 3 20 4 12 25 15 23
20
16 19 17 15 11 10 20 8 1 6 14 9 2 13 5 7 12 18 4 3
20
2 12 8 17 13 7 20 15 11 10 18 1 6 3 19 9 4 5 16 14
32
18 26 8 21 11 28 32 15 16 1 3 31 4 10 24 27 9 6 29 12 22 20 5 7 30 2 14 23 17 25 19 13
22
9 21 5 22 8 14 4 7 6 13 18 16 11 20 19 10 12 2 1 17 3 15
16
1 3 16 13 11 6 5 10 14 15 9 7 12 4 2 8
20
6 2 9 18 4 11 12 13 15 1 19 3 10 14 17 20 8 5 7 16
17
12 13 8 4 11 3 6 16 17 9 14 5 10 1 15 2 7
14
2 4 6 10 9 3 13 8 7 14 12 1 5 11
27
16 7 5 3 9 17 4 22 2 14 1 8 18 19 6 20 21 13 25 27 24 11 23 15 12 10 26
31
12 29 16 8 28 27 19 15 5 9 1 20 24 2 17 25 30 14 26 3 18 10 31 6 7 22 11 23 4 21 13
18
15 11 5 7 16 18 6 8 3 13 9 4 10 17 2 14 1 12
27
27 3 24 17 14 11 12 9 15 19 26 1 10 21 5 20 22 2 7 25 6 23 16 18 8 4 13
7
2 5 7 4 1 3 6
13
3 7 5 1 12 10 2 8 11 4 9 13 6
3
2 3 1
22
17 1 19 12 20 22 2 4 15 13 14 18 16 11 7 3 6 9 21 8 5 10
16
11 14 4 8 16 7 2 12 3 5 9 13 10 15 1 6
18
1 18 5 15 8 11 6 9 3 4 16 14 17 10 13 2 7 12
17
16 14 17 10 12 9 13 8 2 15 5 4 11 6 3 7 1
23
19 18 4 17 8 21 15 22 14 7 5 13 11 9 6 20 16 2 12 3 1 10 23
22
8 11 10 15 20 17 3 19 9 4 14 1 12 16 21 6 5 7 18 13 22 2
30
23 1 8 7 15 13 17 25 12 29 27 26 10 4 21 24 5 9 19 28 22 30 11 14 18 3 2 20 16 6
1
1
16
2 1 8 16 5 3 11 4 12 15 14 7 13 10 9 6
17
11 1 5 14 15 6 9 8 13 2 7 17 16 4 12 3 10
14
12 10 2 11 14 13 9 7 5 1 4 6 3 8
17
16 9 11 2 8 10 7 14 5 3 12 1 4 6 17 13 15
9
9 6 8 5 7 3 4 1 2
18
12 16 7 18 3 14 17 8 13 10 5 11 4 6 2 9 15 1
1
1